0 0.165617 0.732099 0.076714 0.143210
0 0.267601 0.632099 0.083934 0.138272
5 0.475181 0.599383 0.087544 0.228395
2 0.795575 0.798765 0.101985 0.244444
0 0.899365 0.728395 0.080324 0.145679
4 0.685919 0.690123 0.093862 0.239506
0 0.780232 0.622840 0.074909 0.134568
0 0.681406 0.523457 0.066786 0.128395
1 0.378160 0.440741 0.068591 0.135802
7 0.381319 0.320370 0.078519 0.179012
1 0.299189 0.271605 0.055054 0.125926
1 0.199912 0.268519 0.067689 0.129630
9 0.214804 0.168519 0.068591 0.141975
9 0.567689 0.169753 0.070396 0.161728
1 0.570396 0.348148 0.061371 0.133333
6 0.654782 0.311111 0.073104 0.190123
1 0.758572 0.339506 0.060469 0.135802
1 0.848372 0.259259 0.059566 0.130864
3 0.743680 0.132716 0.072202 0.228395
1 0.677796 0.253086 0.045126 0.128395