1 0.104023 0.718107 0.080082 0.133745
1 0.215653 0.719650 0.071993 0.140947
1 0.342247 0.723765 0.055006 0.136831
1 0.436889 0.616770 0.069566 0.132716
1 0.535981 0.520576 0.068757 0.129630
1 0.902417 0.714506 0.081700 0.132716
0 0.135223 0.263533 0.064215 0.126306
0 0.234905 0.261633 0.069442 0.124406
0 0.336828 0.258784 0.070188 0.124406
0 0.429416 0.261159 0.067202 0.129155
0 0.725851 0.252137 0.068695 0.128205
0 0.829266 0.252137 0.066455 0.130104
8 0.143809 0.167616 0.069442 0.160494
8 0.824786 0.159069 0.072428 0.160494
6 0.335334 0.149573 0.071682 0.179487
2 0.433523 0.131529 0.084375 0.225071
6 0.623181 0.147198 0.072428 0.184236
10 0.639608 0.326686 0.081389 0.180437
7 0.227438 0.402184 0.078402 0.187085
11 0.539179 0.408357 0.080642 0.174739
10 0.430163 0.499525 0.086615 0.172840
11 0.321520 0.597816 0.087362 0.181387
9 0.095648 0.820038 0.091096 0.187085
7 0.320774 0.806743 0.091842 0.204179
3 0.450324 0.796296 0.098562 0.251662
5 0.569793 0.798670 0.095576 0.246914
4 0.786332 0.682336 0.091096 0.240266
9 0.906175 0.824786 0.088856 0.185185