1 0.181033 0.265432 0.059665 0.121693
1 0.283363 0.257937 0.059024 0.113757
1 0.376390 0.250000 0.061590 0.117284
1 0.478399 0.256173 0.052608 0.117284
1 0.571105 0.261905 0.053250 0.119929
1 0.670226 0.250882 0.050042 0.119048
1 0.753951 0.246914 0.046834 0.112875
1 0.843449 0.252205 0.050042 0.118166
0 0.100304 0.762583 0.067019 0.127255
0 0.221559 0.749288 0.069092 0.121557
0 0.328651 0.756410 0.066328 0.114910
0 0.447489 0.738841 0.062182 0.110161
0 0.662018 0.745489 0.068401 0.129155
0 0.779819 0.745014 0.059419 0.122507
0 0.902111 0.742165 0.063564 0.122507
9 0.198356 0.173721 0.067364 0.132275
11 0.283684 0.151235 0.069931 0.141975
7 0.377031 0.150794 0.070572 0.149912
5 0.469096 0.145503 0.059665 0.179894
3 0.558594 0.116402 0.065440 0.202822
7 0.651942 0.148148 0.060949 0.153439
11 0.750422 0.148589 0.065440 0.149030
9 0.842166 0.151235 0.061590 0.145503
8 0.073251 0.861993 0.098159 0.168430
10 0.200922 0.860670 0.093027 0.178131
6 0.316724 0.857584 0.083403 0.177249
4 0.439584 0.852293 0.082762 0.203704
2 0.558915 0.837743 0.081479 0.231041
6 0.680491 0.865520 0.075705 0.184303
10 0.794048 0.868166 0.085970 0.186067
8 0.907605 0.862875 0.083403 0.171958