1 0.180461 0.251323 0.061305 0.111111
1 0.286195 0.245150 0.057861 0.105820
1 0.379874 0.242504 0.052350 0.109347
1 0.474586 0.244268 0.054417 0.111111
1 0.671588 0.238977 0.050284 0.111111
1 0.765612 0.241623 0.057861 0.114638
1 0.859635 0.237654 0.051661 0.106702
0 0.097114 0.721781 0.068193 0.117284
0 0.218690 0.712963 0.073015 0.117284
0 0.348533 0.515873 0.061305 0.116402
0 0.572743 0.414903 0.055105 0.117284
0 0.569988 0.603175 0.064749 0.125220
0 0.791098 0.715608 0.060616 0.122575
0 0.908886 0.711640 0.063371 0.121693
9 0.196648 0.166226 0.073015 0.133157
11 0.288261 0.149030 0.075770 0.142857
7 0.377463 0.144621 0.065438 0.142857
5 0.474242 0.139771 0.067504 0.164903
3 0.567921 0.119489 0.063371 0.205467
9 0.850681 0.148589 0.062682 0.131393
7 0.357487 0.397707 0.073704 0.155203
11 0.785588 0.482804 0.071637 0.171958
10 0.677443 0.596561 0.075770 0.166667
8 0.066806 0.822310 0.094368 0.164903
10 0.200092 0.816578 0.096435 0.172840
6 0.318225 0.816138 0.079214 0.180776
4 0.443245 0.809965 0.086791 0.203704
2 0.562755 0.793651 0.083347 0.227513
0 0.678132 0.715608 0.064749 0.120811
6 0.692597 0.824956 0.081281 0.175485
8 0.919907 0.819665 0.084036 0.168430