1 0.181723 0.244065 0.056674 0.112061
1 0.286003 0.238841 0.059696 0.107312
1 0.473404 0.240741 0.056674 0.114910
1 0.668740 0.231244 0.054407 0.105413
1 0.761684 0.236467 0.054407 0.112061
1 0.857652 0.232194 0.052895 0.109212
1 0.379704 0.231719 0.050629 0.089269
0 0.098980 0.700855 0.069520 0.113960
0 0.221773 0.694682 0.067253 0.114910
0 0.350989 0.499050 0.062719 0.111111
0 0.566349 0.587844 0.064230 0.123457
0 0.676296 0.692783 0.064986 0.105413
0 0.776420 0.690883 0.049117 0.113010
0 0.906769 0.693257 0.061963 0.125356
9 0.195325 0.162868 0.073298 0.122507
7 0.377059 0.142925 0.068008 0.132004
5 0.472271 0.133428 0.069520 0.166192
3 0.565593 0.119183 0.067253 0.209877
9 0.845562 0.146249 0.060452 0.129155
11 0.368747 0.299620 0.066497 0.132004
7 0.355901 0.387939 0.072542 0.150997
8 0.073288 0.801994 0.096723 0.154796
10 0.195325 0.795347 0.095967 0.158594
6 0.317740 0.789174 0.080854 0.170940
4 0.440156 0.784425 0.088411 0.197531
6 0.680830 0.573124 0.080099 0.158594
8 0.676296 0.802469 0.090678 0.155745
2 0.803245 0.774929 0.092189 0.229820