1 0.138602 0.422559 0.062494 0.117845
1 0.271064 0.247428 0.054104 0.112140
1 0.362961 0.241255 0.054899 0.120370
1 0.451675 0.330247 0.060469 0.115226
1 0.747257 0.246399 0.053308 0.118313
1 0.848304 0.329218 0.061265 0.121399
1 0.561872 0.510288 0.048534 0.111111
0 0.242023 0.416152 0.056491 0.118313
0 0.337898 0.508230 0.062060 0.117284
0 0.653371 0.593107 0.062856 0.126543
0 0.770331 0.605453 0.058082 0.118313
0 0.874162 0.511831 0.057286 0.128601
9 0.551528 0.161008 0.062856 0.134774
9 0.554313 0.314815 0.062060 0.144033
3 0.742085 0.121914 0.060469 0.202675
5 0.107559 0.595165 0.093090 0.192387
8 0.303287 0.820473 0.083543 0.171811
6 0.549937 0.584362 0.072404 0.154321
8 0.548346 0.715021 0.086725 0.160494
2 0.786244 0.795782 0.091499 0.239712