0 0.130141 0.479424 0.059133 0.116049
0 0.199654 0.402881 0.054730 0.116049
0 0.251553 0.364198 0.055359 0.111111
0 0.332704 0.301235 0.055359 0.108642
0 0.383345 0.255144 0.050955 0.105350
0 0.431155 0.209465 0.050955 0.109465
0 0.478336 0.156790 0.049697 0.102881
0 0.535268 0.120165 0.047810 0.100412
1 0.850122 0.330864 0.052214 0.116872
1 0.805143 0.393004 0.052843 0.112757
1 0.755760 0.437037 0.052214 0.116872
1 0.706063 0.503704 0.049697 0.111934
1 0.656365 0.570370 0.061021 0.120165
1 0.594716 0.635391 0.062279 0.120165
1 0.548793 0.729218 0.067311 0.123457
1 0.497838 0.792181 0.069828 0.125926
8 0.062515 0.411523 0.073602 0.149794
10 0.132657 0.348971 0.070457 0.138272
6 0.198081 0.289712 0.057875 0.136626
2 0.268224 0.220165 0.072344 0.195062
4 0.326099 0.190123 0.058504 0.149794
6 0.377054 0.152675 0.050955 0.130864
10 0.428010 0.109877 0.048439 0.125926
8 0.472674 0.079424 0.050955 0.120988
9 0.557286 0.870782 0.076748 0.164609
11 0.621766 0.774897 0.069828 0.163786
7 0.687190 0.696708 0.069828 0.157202
3 0.738775 0.598354 0.064795 0.205761
5 0.792876 0.549794 0.076119 0.174486
7 0.848235 0.490947 0.055988 0.152263
11 0.887552 0.424691 0.045294 0.144856
9 0.933160 0.360494 0.053472 0.144856