8 0.132994 0.180335 0.071999 0.156085
0 0.134352 0.279541 0.066565 0.139330
10 0.228087 0.178131 0.080150 0.169312
0 0.225710 0.282628 0.071320 0.134921
6 0.325219 0.171076 0.077433 0.178131
0 0.325558 0.278219 0.071320 0.133157
2 0.426086 0.142857 0.079471 0.225750
0 0.428123 0.278219 0.075396 0.134921
4 0.519821 0.150794 0.075396 0.222222
0 0.526613 0.274691 0.068603 0.133157
6 0.627140 0.164021 0.072679 0.188713
0 0.623405 0.270723 0.070641 0.137566
10 0.720196 0.171517 0.079471 0.173721
0 0.730045 0.275573 0.071999 0.134921
8 0.814611 0.175044 0.074037 0.161376
0 0.826837 0.277778 0.068603 0.141093
9 0.067447 0.869929 0.087622 0.184303
1 0.083409 0.752205 0.076075 0.137566
11 0.187673 0.857143 0.093056 0.185185
1 0.201257 0.749559 0.079471 0.128748
1 0.316049 0.759259 0.069962 0.134039
7 0.312653 0.851852 0.086263 0.201058
3 0.427784 0.828924 0.091018 0.250441
5 0.547330 0.838624 0.091018 0.245150
1 0.641065 0.754409 0.062490 0.141975
7 0.666197 0.848765 0.084226 0.210758
1 0.763328 0.743827 0.069282 0.140212
11 0.786082 0.860670 0.091697 0.199295
1 0.887629 0.753527 0.066565 0.143739
9 0.903591 0.852734 0.082188 0.188713