0 0.141181 0.512821 0.060773 0.123457
0 0.284237 0.500000 0.057359 0.120608
0 0.264434 0.387939 0.054628 0.118708
0 0.515722 0.370845 0.053262 0.116809
0 0.575812 0.316714 0.051896 0.114910
0 0.343986 0.317664 0.051213 0.105413
0 0.489432 0.167142 0.047116 0.106363
0 0.546450 0.128205 0.049165 0.108262
1 0.510601 0.848053 0.068968 0.140551
1 0.563180 0.777778 0.062139 0.134853
1 0.609272 0.677113 0.061456 0.127255
1 0.604833 0.550807 0.056676 0.125356
1 0.586055 0.428775 0.061456 0.120608
1 0.766668 0.465812 0.058042 0.120608
1 0.815833 0.420228 0.055311 0.122507
1 0.861584 0.352802 0.053945 0.120608
8 0.075286 0.437322 0.077845 0.154796
6 0.209807 0.313390 0.062822 0.150047
2 0.280140 0.237892 0.072382 0.204179
10 0.340230 0.415954 0.062822 0.153846
10 0.398955 0.260684 0.055993 0.141500
4 0.451193 0.201804 0.062139 0.162393
6 0.394858 0.157645 0.055993 0.131054
8 0.486360 0.083571 0.049165 0.129155
7 0.610979 0.246439 0.048482 0.147198
11 0.545084 0.622032 0.069650 0.159544
3 0.638976 0.805318 0.088087 0.227920
9 0.700432 0.750237 0.064870 0.170940
5 0.801493 0.588319 0.078527 0.179487
7 0.860218 0.522792 0.064870 0.158594
11 0.900165 0.453466 0.050531 0.154796
9 0.944891 0.381766 0.055311 0.155745