9 0.131948 0.496201 0.061084 0.116809
9 0.210733 0.424976 0.060390 0.135802
9 0.271471 0.482906 0.063861 0.122507
9 0.252035 0.374169 0.056919 0.110161
9 0.438758 0.408832 0.052755 0.111111
9 0.563009 0.402659 0.055531 0.112061
9 0.577239 0.159069 0.046507 0.101614
9 0.532120 0.204653 0.046507 0.105413
1 0.519973 0.469611 0.056919 0.114910
1 0.693508 0.246914 0.051366 0.108262
1 0.751121 0.450142 0.055531 0.117759
1 0.794158 0.403609 0.051366 0.113960
1 0.494984 0.814815 0.065249 0.132953
1 0.546003 0.749288 0.063167 0.127255
1 0.590428 0.652422 0.057614 0.127255
2 0.149302 0.341406 0.077744 0.198481
8 0.210733 0.297246 0.063167 0.129155
6 0.376980 0.155271 0.049978 0.141500
8 0.466177 0.082146 0.050672 0.122507
10 0.326655 0.401235 0.059002 0.145299
4 0.438758 0.285375 0.061084 0.156695
10 0.543226 0.288699 0.057614 0.140551
11 0.723356 0.334283 0.058308 0.148148
3 0.621317 0.777303 0.087462 0.221273
7 0.676501 0.714150 0.057614 0.155745
9 0.729950 0.649573 0.070108 0.159544
5 0.786522 0.567426 0.056919 0.171890
7 0.839624 0.506648 0.053449 0.150997
11 0.881272 0.436847 0.043731 0.151947
9 0.919103 0.371320 0.052755 0.144349