0 0.283467 0.542791 0.043706 0.118770
0 0.338099 0.470085 0.046828 0.115440
0 0.429258 0.464535 0.041833 0.111000
0 0.465160 0.402375 0.041209 0.113220
0 0.558192 0.393495 0.037463 0.106560
0 0.548826 0.296370 0.037463 0.101010
0 0.568806 0.155955 0.036214 0.099900
1 0.506056 0.797536 0.049326 0.128760
1 0.487013 0.664336 0.046204 0.119880
1 0.531344 0.593296 0.043706 0.124320
1 0.526349 0.457875 0.041209 0.113220
1 0.615947 0.202020 0.038087 0.105450
1 0.681194 0.337440 0.039960 0.109890
1 0.703047 0.442890 0.034965 0.112110
2 0.195430 0.396270 0.068681 0.200910
6 0.292520 0.406260 0.043082 0.140970
8 0.291271 0.294705 0.050574 0.133200
8 0.376811 0.195915 0.044331 0.135420
6 0.427385 0.349650 0.041833 0.138750
10 0.415210 0.237540 0.042458 0.134310
4 0.455482 0.192030 0.043082 0.152070
5 0.604396 0.432345 0.051199 0.168720
3 0.600649 0.759241 0.066184 0.212010
11 0.664960 0.496725 0.047453 0.126540
7 0.642795 0.697636 0.039336 0.150960
9 0.684003 0.632701 0.050574 0.154290
7 0.762050 0.492840 0.050574 0.152070
9 0.818869 0.361305 0.051823 0.142080