1 0.253772 0.263136 0.039629 0.121382
1 0.328734 0.268653 0.033900 0.115440
1 0.402024 0.265682 0.035332 0.116289
1 0.473167 0.261438 0.031513 0.116289
1 0.550993 0.263136 0.030558 0.116289
1 0.609960 0.262287 0.031990 0.116289
1 0.683489 0.261862 0.031035 0.115440
1 0.758929 0.255921 0.033900 0.112045
0 0.115069 0.618369 0.049656 0.164672
0 0.219633 0.610729 0.065890 0.173160
0 0.336851 0.615398 0.055863 0.175707
0 0.451203 0.628979 0.047746 0.177404
0 0.654603 0.620066 0.049656 0.169765
0 0.767762 0.626857 0.060160 0.179951
0 0.878533 0.626008 0.060160 0.176555
9 0.268595 0.217762 0.042060 0.122655
11 0.338880 0.202676 0.045381 0.138397
7 0.401786 0.177424 0.033943 0.128558
5 0.470964 0.177752 0.042429 0.179063
3 0.537928 0.170537 0.037633 0.213171
7 0.606184 0.192182 0.036895 0.156762
11 0.667614 0.197429 0.040215 0.144956
9 0.737161 0.217106 0.036157 0.130526
8 0.053072 0.742036 0.094905 0.217560
10 0.173264 0.729271 0.093032 0.245310
6 0.307193 0.722056 0.081169 0.284160
4 0.419268 0.703186 0.080544 0.319680
2 0.547577 0.680431 0.086164 0.369630
6 0.662775 0.719836 0.074301 0.279720
10 0.806693 0.747031 0.093656 0.256410
2 0.925949 0.756466 0.091159 0.237540