0 0.153596 0.528361 0.061189 0.156510
0 0.283154 0.442335 0.050574 0.155400
0 0.446429 0.435675 0.048701 0.150960
0 0.541958 0.520036 0.047453 0.155400
0 0.767358 0.627706 0.059940 0.179820
0 0.845405 0.526141 0.056194 0.163170
1 0.208333 0.379028 0.049784 0.133718
1 0.297890 0.374218 0.043831 0.135642
1 0.537454 0.443208 0.047542 0.141208
1 0.689645 0.306122 0.036526 0.128839
1 0.756899 0.255617 0.040005 0.122655
9 0.266775 0.216931 0.045455 0.125060
6 0.541667 0.286195 0.048701 0.180856
8 0.609848 0.255892 0.043290 0.133718
7 0.713745 0.345358 0.047619 0.199134
3 0.781656 0.261664 0.052489 0.245310
2 0.652160 0.560551 0.081793 0.338550