0 0.262844 0.214328 0.040584 0.134114
0 0.329927 0.212631 0.041062 0.130719
0 0.392475 0.213479 0.039152 0.130719
0 0.453352 0.377727 0.040584 0.140056
0 0.527359 0.216875 0.040584 0.130719
0 0.589906 0.215177 0.040584 0.135812
0 0.656513 0.213055 0.042017 0.133265
0 0.721686 0.213904 0.041539 0.134963
1 0.209129 0.663781 0.052521 0.145149
1 0.291014 0.663781 0.051089 0.136661
1 0.368125 0.663356 0.044882 0.137510
1 0.601366 0.468975 0.044404 0.144300
1 0.683251 0.659112 0.044882 0.137510
1 0.769672 0.661659 0.051566 0.130719
1 0.521629 0.650624 0.045359 0.122231
1 0.449293 0.653170 0.048701 0.120533
8 0.270848 0.124554 0.050410 0.154173
10 0.334287 0.125313 0.053401 0.164806
6 0.399222 0.117339 0.043148 0.173160
2 0.461594 0.108985 0.049983 0.211134
4 0.525248 0.115440 0.044856 0.183033
6 0.588688 0.115820 0.044429 0.167084
10 0.651059 0.124934 0.045284 0.164046
8 0.714499 0.126452 0.044856 0.154933
9 0.203373 0.773208 0.070346 0.181177
11 0.278905 0.770803 0.068994 0.177970
7 0.360074 0.763588 0.058171 0.198814
3 0.443723 0.754369 0.064935 0.231682
5 0.529627 0.756774 0.064484 0.222062
7 0.606962 0.759580 0.058622 0.192400
11 0.691513 0.774411 0.066288 0.181979
9 0.768398 0.778018 0.063131 0.181177