11 0.526380 0.598846 0.080357 0.287157
11 0.646541 0.413475 0.066808 0.235320
11 0.263799 0.476190 0.075549 0.231990
11 0.176059 0.347695 0.033627 0.172473
11 0.153254 0.320209 0.029762 0.162853
0 0.482143 0.189033 0.038961 0.142376
0 0.522998 0.204906 0.038420 0.147186
0 0.559524 0.227032 0.041126 0.162578
0 0.793561 0.327561 0.061147 0.211640
0 0.875271 0.374699 0.075216 0.242424
9 0.252841 0.780664 0.142045 0.388167
3 0.128653 0.398990 0.107955 0.363636
9 0.073559 0.344968 0.066964 0.198413
7 0.350649 0.551948 0.094156 0.378066
5 0.358592 0.383426 0.086387 0.328798
7 0.220026 0.393218 0.056238 0.300969
11 0.283511 0.317460 0.062616 0.231911
10 0.319747 0.253041 0.043483 0.199959
2 0.573673 0.134114 0.043449 0.238520
4 0.605424 0.210508 0.058251 0.255496
8 0.668927 0.204991 0.051566 0.190137
6 0.726700 0.326797 0.074484 0.316611
6 0.787576 0.229183 0.060638 0.263984
8 0.958747 0.309821 0.082124 0.262287