0 0.259740 0.221543 0.047746 0.140056
0 0.329450 0.219846 0.042972 0.129870
0 0.397489 0.210933 0.041539 0.123928
0 0.457410 0.379000 0.042972 0.139207
0 0.654364 0.221543 0.042494 0.134963
0 0.719299 0.216875 0.041539 0.135812
1 0.208854 0.668776 0.054321 0.142080
1 0.285027 0.663781 0.053072 0.147630
1 0.371816 0.664891 0.049326 0.145410
1 0.449550 0.560551 0.044955 0.140970
1 0.527597 0.564436 0.046204 0.146520
1 0.680659 0.669450 0.046382 0.146362
1 0.754580 0.670480 0.044643 0.140177
2 0.339477 0.107376 0.054431 0.208811
10 0.382926 0.284356 0.055386 0.168916
4 0.460036 0.195654 0.048224 0.193532
8 0.526404 0.138783 0.044404 0.157881
6 0.584893 0.127324 0.044882 0.170614
8 0.719538 0.128172 0.045837 0.150242
10 0.600222 0.277588 0.050410 0.170122
6 0.597445 0.357333 0.055964 0.186831
11 0.362941 0.545248 0.062616 0.174191
9 0.198574 0.774583 0.070153 0.183467
7 0.452806 0.645228 0.052180 0.192744
3 0.445559 0.756030 0.066674 0.243249
5 0.524119 0.761183 0.063776 0.220573
7 0.609056 0.771490 0.057398 0.195836
11 0.597171 0.549887 0.059137 0.181406
9 0.766756 0.772521 0.067834 0.185529