0 0.159216 0.281481 0.068867 0.130041
0 0.254721 0.287654 0.071466 0.124280
0 0.350225 0.361728 0.061071 0.135802
0 0.749460 0.279835 0.063020 0.126749
0 0.861207 0.360494 0.065619 0.134979
0 0.554878 0.442387 0.066268 0.125926
0 0.450278 0.548971 0.068867 0.138272
1 0.124089 0.546016 0.063788 0.135802
1 0.445243 0.648148 0.085936 0.133558
1 0.676917 0.743547 0.085050 0.153760
1 0.791203 0.739057 0.077963 0.140292
1 0.342474 0.735129 0.066446 0.109989
1 0.234926 0.741975 0.058472 0.125926
8 0.355769 0.187037 0.072116 0.159259
8 0.645693 0.187037 0.071141 0.159259
6 0.244672 0.523457 0.077963 0.192593
6 0.752892 0.172222 0.075039 0.186420
1 0.893712 0.529630 0.066268 0.113580
9 0.929770 0.838889 0.091606 0.188889
9 0.344074 0.841975 0.091606 0.182716
2 0.247108 0.155556 0.096479 0.212346
10 0.657387 0.348148 0.094530 0.177778
4 0.108724 0.709259 0.102326 0.243210
3 0.220796 0.822222 0.104275 0.241975
5 0.574065 0.814815 0.101352 0.239506
11 0.903945 0.621605 0.094530 0.179012
7 0.564319 0.513580 0.083810 0.195062