1 0.140945 0.281145 0.065637 0.126824
1 0.246238 0.283951 0.064726 0.123457
1 0.336034 0.447811 0.071107 0.130191
1 0.436769 0.441077 0.062902 0.132435
1 0.646443 0.268799 0.066549 0.131313
1 0.841987 0.270483 0.061991 0.132435
1 0.547532 0.354658 0.058344 0.114478
1 0.746266 0.344557 0.061991 0.121212
0 0.216611 0.635241 0.069284 0.139169
0 0.098099 0.733446 0.078400 0.135802
0 0.434945 0.623457 0.075665 0.131313
0 0.329197 0.740741 0.086605 0.134680
0 0.766778 0.627946 0.082958 0.135802
0 0.894406 0.726712 0.081135 0.147026
0 0.659206 0.723345 0.077488 0.122334
9 0.153361 0.184744 0.076642 0.152557
7 0.331357 0.337302 0.071628 0.180776
5 0.336729 0.236332 0.082372 0.202822
7 0.545882 0.415785 0.080940 0.189594
11 0.648310 0.426808 0.086670 0.174603
9 0.631836 0.176808 0.070912 0.154321
3 0.730324 0.147266 0.080223 0.216931
6 0.748589 0.413580 0.083805 0.186949
10 0.325268 0.612875 0.096698 0.171076
8 0.088896 0.826279 0.083805 0.183422
4 0.437008 0.808201 0.102428 0.231922
8 0.668008 0.830247 0.087386 0.177249
2 0.792999 0.792328 0.102428 0.253086
10 0.653324 0.611993 0.096698 0.178131