1 0.157091 0.275720 0.060856 0.131687
1 0.252131 0.273663 0.058602 0.125514
1 0.331769 0.438272 0.063110 0.133745
1 0.424180 0.432613 0.061607 0.130658
1 0.520347 0.350823 0.063110 0.127572
1 0.617265 0.263889 0.060104 0.134774
1 0.791568 0.258745 0.057099 0.124486
1 0.705544 0.337963 0.053343 0.124486
0 0.119525 0.727881 0.066866 0.138889
0 0.225459 0.631173 0.069871 0.140947
0 0.422677 0.618313 0.063110 0.137860
0 0.629662 0.528292 0.062358 0.140947
0 0.722824 0.624486 0.072877 0.133745
0 0.832139 0.723251 0.058602 0.144033
8 0.214190 0.824588 0.080390 0.177984
4 0.640931 0.787037 0.084898 0.238683
5 0.313738 0.701646 0.082644 0.228395
2 0.864820 0.804012 0.074379 0.241770
6 0.711930 0.404835 0.076633 0.188272
9 0.172117 0.177469 0.060856 0.147119
7 0.332145 0.326132 0.065364 0.179012
9 0.604493 0.168724 0.067617 0.152263
3 0.691269 0.136831 0.072877 0.222222