0 0.077439 0.405253 0.077392 0.135084
0 0.399672 0.304878 0.054878 0.125704
0 0.488321 0.311445 0.063321 0.120075
0 0.541792 0.178236 0.046435 0.108818
0 0.688837 0.189493 0.050657 0.108818
0 0.641698 0.235460 0.037992 0.099437
1 0.205488 0.648218 0.088649 0.148218
1 0.210413 0.393996 0.073171 0.123827
1 0.327204 0.303002 0.059099 0.118199
1 0.653659 0.502814 0.075985 0.116323
1 0.781707 0.604128 0.081614 0.120075
8 0.211116 0.126642 0.060507 0.144465
8 0.444700 0.095685 0.046435 0.123827
4 0.455253 0.585366 0.095685 0.217636
6 0.601595 0.298311 0.081614 0.150094
3 0.063696 0.619137 0.127392 0.285178
7 0.410929 0.203565 0.068949 0.166979
1 0.725422 0.265478 0.056285 0.114447
5 0.578377 0.205441 0.068949 0.166979
2 0.598780 0.073171 0.073171 0.146341