8 0.191416 0.145403 0.071764 0.148218
8 0.429221 0.105066 0.049250 0.127580
0 0.057036 0.429644 0.081614 0.131332
1 0.186492 0.666979 0.081614 0.140713
4 0.438368 0.597561 0.101313 0.230769
1 0.645919 0.512195 0.071764 0.116323
1 0.190713 0.408068 0.070356 0.125704
1 0.311022 0.312383 0.063321 0.118199
1 0.773265 0.605066 0.081614 0.136961
1 0.709240 0.262664 0.068949 0.108818
0 0.388415 0.309568 0.066135 0.131332
0 0.479174 0.316135 0.056285 0.129456
0 0.529128 0.174484 0.052064 0.108818
0 0.680394 0.187617 0.053471 0.112570
0 0.624109 0.248593 0.045028 0.114447
7 0.396154 0.213884 0.075985 0.150094
5 0.568527 0.207317 0.077392 0.166979
9 0.909053 0.712008 0.119606 0.155722
2 0.591041 0.086304 0.077392 0.165103
6 0.589634 0.318011 0.066135 0.166979
11 0.613555 0.378049 0.085835 0.129456
3 0.055253 0.648218 0.110506 0.268293