8 0.090807 0.682927 0.104128 0.157598
8 0.903424 0.739212 0.105535 0.150094
4 0.443996 0.701689 0.081614 0.195122
2 0.554456 0.700750 0.083021 0.212008
6 0.676173 0.750469 0.087242 0.165103
6 0.871764 0.620075 0.090056 0.163227
0 0.130910 0.575047 0.077392 0.121951
0 0.245591 0.575047 0.070356 0.106942
0 0.346904 0.593809 0.064728 0.114447
0 0.460882 0.494371 0.053471 0.110694
0 0.555863 0.423077 0.054878 0.114447
0 0.812664 0.439024 0.056285 0.108818
0 0.645919 0.603189 0.066135 0.106942
0 0.757786 0.616323 0.067542 0.110694
10 0.370122 0.469043 0.066135 0.131332
10 0.649437 0.487805 0.070356 0.131332
9 0.289916 0.163227 0.046435 0.108818
9 0.617073 0.169794 0.042214 0.099437
1 0.766229 0.232645 0.045028 0.090056
1 0.256144 0.210131 0.046435 0.097561
1 0.333537 0.213884 0.043621 0.090056
1 0.474250 0.267355 0.049250 0.091932
1 0.540385 0.333959 0.035178 0.090056
1 0.622702 0.286116 0.042214 0.099437
7 0.379972 0.319887 0.060507 0.129456
7 0.405300 0.146341 0.049250 0.108818
11 0.691651 0.272045 0.053471 0.135084
11 0.393340 0.259850 0.050657 0.125704
5 0.479174 0.139775 0.050657 0.144465
3 0.674765 0.137899 0.050657 0.163227