1 0.159756 0.623827 0.106942 0.193246
1 0.318058 0.551595 0.077392 0.165103
1 0.448218 0.330206 0.047842 0.120075
1 0.581191 0.365854 0.066135 0.146341
1 0.889353 0.326454 0.043621 0.127580
1 0.814775 0.356473 0.043621 0.135084
1 0.383490 0.414634 0.047842 0.146341
11 0.282176 0.444653 0.070356 0.191370
9 0.521388 0.598499 0.090056 0.202627
7 0.607927 0.244841 0.043621 0.151970
11 0.667730 0.316135 0.070356 0.159475
5 0.755675 0.450281 0.097092 0.277674
9 0.953377 0.367730 0.084428 0.172608
7 0.834475 0.412758 0.074578 0.225141
3 0.403189 0.587242 0.121013 0.378987
0 0.084475 0.360225 0.080206 0.135084
0 0.154831 0.261726 0.057692 0.110694
0 0.375750 0.276735 0.063321 0.110694
0 0.424296 0.230769 0.042214 0.105066
0 0.455957 0.194184 0.032364 0.110694
0 0.580488 0.166041 0.036585 0.084428
0 0.524906 0.178236 0.029550 0.090056
10 0.498874 0.207317 0.059099 0.136961
10 0.263180 0.258912 0.068949 0.150094
6 0.052111 0.251407 0.060507 0.165103
6 0.205488 0.199812 0.049250 0.166979
2 0.286398 0.153846 0.056285 0.202627
4 0.358161 0.156660 0.061914 0.163227
8 0.542495 0.145403 0.036585 0.103189