8 0.253330 0.151970 0.066135 0.123827
6 0.340572 0.146341 0.068949 0.138837
0 0.203377 0.350844 0.073171 0.112570
0 0.389118 0.336773 0.059099 0.110694
0 0.410929 0.277674 0.046435 0.097561
0 0.722608 0.356473 0.056285 0.105066
0 0.638180 0.278612 0.042214 0.095685
1 0.123171 0.645403 0.081614 0.112570
1 0.252627 0.634146 0.078799 0.116323
1 0.567120 0.456848 0.046435 0.114447
1 0.762711 0.442777 0.066135 0.127580
9 0.778189 0.209193 0.052064 0.118199
4 0.552345 0.319887 0.059099 0.166979
2 0.815478 0.238274 0.090056 0.202627
5 0.461585 0.631332 0.080206 0.212008
3 0.205488 0.772983 0.122420 0.202627
7 0.638884 0.347092 0.068949 0.146341