0 0.235335 0.557223 0.110069 0.131332
0 0.441714 0.500000 0.102564 0.118199
0 0.608067 0.471857 0.105066 0.114447
0 0.648093 0.367730 0.080050 0.105066
0 0.700625 0.296435 0.075047 0.090056
8 0.332896 0.655722 0.150094 0.178236
10 0.881989 0.320826 0.132583 0.123827
10 0.518011 0.378049 0.105066 0.129456
4 0.891995 0.498124 0.202627 0.219512
0 0.974140 0.257974 0.051720 0.099437
0 0.974140 0.378049 0.051720 0.103189
1 0.035116 0.248593 0.070231 0.091932
1 0.172795 0.233583 0.060038 0.095685
1 0.270356 0.221388 0.060038 0.086304
1 0.446717 0.242026 0.062539 0.093809
1 0.595560 0.261726 0.070044 0.091932
1 0.639337 0.221388 0.047530 0.075047
1 0.666854 0.182927 0.037523 0.065666
1 0.753158 0.177298 0.035022 0.076923
9 0.533021 0.167917 0.055034 0.084428
9 0.048968 0.198874 0.092558 0.097561
7 0.231582 0.181051 0.057536 0.118199
7 0.381676 0.272045 0.072545 0.127580
3 0.598061 0.133208 0.050031 0.146341
5 0.344153 0.143527 0.052533 0.114447
11 0.716886 0.190432 0.052533 0.103189
11 0.324140 0.240150 0.057536 0.123827