0 0.780675 0.750469 0.080050 0.067542
0 0.382927 0.554409 0.065041 0.054409
0 0.538024 0.563790 0.070044 0.065666
0 0.036460 0.429644 0.072545 0.063790
0 0.126517 0.492495 0.087555 0.061914
0 0.206567 0.561914 0.072545 0.058161
0 0.456723 0.740150 0.067542 0.065666
0 0.544278 0.806754 0.067542 0.071295
6 0.618074 0.890244 0.085053 0.103189
8 0.544278 0.949343 0.087555 0.097561
10 0.295372 0.495310 0.095059 0.067542
4 0.185303 0.693246 0.120075 0.088180
2 0.272858 0.771107 0.100063 0.108818
6 0.367917 0.833959 0.075047 0.099437
10 0.544278 0.690432 0.087555 0.086304
1 0.613071 0.482176 0.070044 0.056285
1 0.623077 0.368668 0.060038 0.054409
1 0.770669 0.490619 0.080050 0.065666
1 0.440463 0.121013 0.060038 0.084428
1 0.523014 0.188555 0.055034 0.069418
1 0.610569 0.235460 0.060038 0.076923
9 0.533021 0.075985 0.085053 0.099437
5 0.784428 0.233583 0.112570 0.129456
1 0.939525 0.488743 0.097561 0.065666
7 0.434209 0.370544 0.082552 0.073171
11 0.534271 0.299250 0.077548 0.084428
7 0.673108 0.175422 0.070044 0.099437
9 0.940775 0.360225 0.100063 0.082552
11 0.878236 0.540338 0.110069 0.086304