8 0.315947 0.194184 0.056285 0.110694
8 0.531238 0.136961 0.045028 0.120075
4 0.423593 0.663227 0.085835 0.163227
0 0.166088 0.463415 0.068949 0.097561
0 0.446107 0.348030 0.052064 0.099437
0 0.535460 0.357411 0.056285 0.091932
0 0.702204 0.281426 0.052064 0.105066
0 0.779597 0.208255 0.052064 0.093809
0 0.612148 0.211069 0.032364 0.103189
1 0.232223 0.683865 0.068949 0.099437
1 0.140056 0.574109 0.087242 0.105066
1 0.263884 0.457786 0.075985 0.097561
1 0.378565 0.355535 0.054878 0.110694
1 0.649437 0.581614 0.059099 0.093809
1 0.763415 0.707317 0.070356 0.105066
9 0.883021 0.844278 0.104128 0.150094
7 0.472139 0.262664 0.056285 0.142589
1 0.795075 0.294559 0.049250 0.101313
11 0.648030 0.434334 0.070356 0.125704
2 0.687430 0.100375 0.064728 0.181989
3 0.110507 0.660413 0.129456 0.161351
5 0.626923 0.257036 0.061914 0.161351
6 0.638180 0.345216 0.061914 0.127580