1 0.409165 0.692641 0.093713 0.316148
1 0.153169 0.318796 0.032768 0.154989
1 0.267106 0.467105 0.065236 0.221795
1 0.224868 0.423280 0.043891 0.202555
1 0.201569 0.384800 0.038781 0.189728
1 0.177970 0.347656 0.024050 0.175298
1 0.346659 0.597042 0.072376 0.281987
9 0.252730 0.776269 0.136511 0.394858
11 0.189086 0.650990 0.052022 0.346320
7 0.151085 0.554572 0.052022 0.358127
5 0.117695 0.437023 0.048315 0.270047
0 0.870826 0.358689 0.071892 0.236034
0 0.789077 0.325191 0.062616 0.210266
0 0.482085 0.309215 0.051600 0.182437
0 0.558036 0.221661 0.031115 0.155523
0 0.526921 0.203624 0.033820 0.149912
0 0.481827 0.168751 0.022096 0.102613
6 0.438582 0.248196 0.049242 0.233766
6 0.583333 0.341510 0.072511 0.289562
10 0.660173 0.310726 0.073593 0.260702
8 0.726732 0.225589 0.050866 0.196248
8 0.788420 0.245791 0.058442 0.215488
4 0.610931 0.210678 0.055195 0.247234
2 0.572240 0.117364 0.043831 0.208754