0 0.257305 0.221741 0.043831 0.134680
0 0.329004 0.217893 0.040043 0.130832
0 0.454004 0.378066 0.041126 0.145262
0 0.397457 0.215007 0.038420 0.121212
0 0.723755 0.220779 0.039502 0.134680
0 0.655303 0.217412 0.033550 0.126022
1 0.209416 0.664743 0.049784 0.131794
1 0.293019 0.662819 0.048160 0.143338
1 0.373106 0.663300 0.044913 0.140452
1 0.448864 0.559404 0.043831 0.146224
1 0.748106 0.566138 0.044913 0.138528
1 0.666126 0.377585 0.041126 0.138528
1 0.525433 0.630592 0.035714 0.063492
9 0.203463 0.776335 0.067100 0.181818
11 0.278950 0.772968 0.068723 0.178932
7 0.359037 0.765272 0.056818 0.202020
3 0.446429 0.759019 0.067100 0.231842
5 0.525433 0.755171 0.062771 0.216450
7 0.679924 0.651275 0.055736 0.191438
9 0.773268 0.781145 0.063853 0.183742
6 0.587933 0.126984 0.045996 0.176046
10 0.382305 0.292929 0.054654 0.171236
10 0.524351 0.461279 0.057359 0.178932
6 0.657197 0.276094 0.045996 0.177970
8 0.726461 0.129870 0.045996 0.149110
4 0.458063 0.192881 0.049242 0.190476
2 0.334957 0.110630 0.054113 0.212602
8 0.397457 0.131313 0.044913 0.153920
11 0.599026 0.552670 0.055195 0.180856