1 0.737500 0.505556 0.097222 0.216049
1 0.535185 0.471605 0.074074 0.187654
11 0.446759 0.550617 0.119444 0.328395
1 0.358333 0.446296 0.064815 0.166667
7 0.254630 0.488889 0.124074 0.335802
1 0.133333 0.383333 0.074074 0.134568
5 0.086111 0.440123 0.157407 0.339506
0 0.813713 0.212816 0.047178 0.098765
0 0.722222 0.208113 0.047619 0.098765
0 0.626984 0.200176 0.040564 0.091123
8 0.836199 0.183715 0.034832 0.098178
10 0.742063 0.164609 0.032628 0.125808
6 0.655644 0.154027 0.037919 0.136390
4 0.573854 0.146678 0.048060 0.145209
0 0.544533 0.197237 0.039683 0.092299
0 0.460758 0.196943 0.043210 0.089359
2 0.501764 0.138154 0.045855 0.174015
6 0.427469 0.150206 0.040123 0.121693
0 0.391314 0.191358 0.037478 0.085244
10 0.367284 0.147560 0.035273 0.109347
0 0.324515 0.189594 0.035273 0.075838
0 0.263889 0.182540 0.041005 0.085244
8 0.303935 0.162037 0.023611 0.075926