9 0.748148 0.636420 0.122222 0.280247
1 0.824537 0.586420 0.071296 0.222222
5 0.086111 0.682099 0.122222 0.381481
11 0.592130 0.582716 0.119444 0.316049
1 0.669444 0.564815 0.077778 0.211111
1 0.525463 0.537037 0.069444 0.207407
7 0.454167 0.537654 0.110185 0.309877
1 0.406019 0.506173 0.065741 0.195062
5 0.327778 0.499383 0.111111 0.341975
1 0.284722 0.482099 0.043519 0.181481
3 0.208333 0.455556 0.111111 0.367901
7 0.098148 0.459259 0.088889 0.266667
11 0.021759 0.453704 0.043518 0.238272
0 0.980994 0.376543 0.038012 0.157895
0 0.886696 0.362573 0.065789 0.150747
10 0.919347 0.310266 0.071637 0.190383
0 0.782407 0.347628 0.061891 0.142950
6 0.826267 0.290123 0.062865 0.204678
4 0.729288 0.267706 0.065789 0.219623
0 0.685185 0.335608 0.063353 0.147498
2 0.637914 0.247563 0.068226 0.237817
0 0.588450 0.324561 0.061891 0.137102
6 0.549708 0.260884 0.060429 0.189084
0 0.505848 0.310591 0.059454 0.137752
10 0.465156 0.255361 0.059942 0.165042
0 0.423977 0.302469 0.060429 0.131904
8 0.391326 0.257310 0.050682 0.141650
0 0.341618 0.289474 0.055556 0.125406