9 0.826032 0.589118 0.128049 0.243902
1 0.157645 0.614447 0.099906 0.200750
1 0.342683 0.479362 0.090056 0.174484
1 0.377158 0.303940 0.066135 0.138837
0 0.488321 0.457786 0.088649 0.168856
0 0.600188 0.199812 0.056285 0.133208
0 0.607223 0.375235 0.064728 0.146341
0 0.505206 0.103189 0.032364 0.078799
0 0.529128 0.193246 0.032364 0.131332
2 0.659287 0.530019 0.132270 0.407129
5 0.209006 0.206379 0.087242 0.225141
3 0.167495 0.106004 0.063321 0.204503
1 0.275844 0.154784 0.057692 0.114447
1 0.297655 0.111632 0.039400 0.099437
5 0.505910 0.244841 0.064728 0.245779
6 0.763415 0.145403 0.073171 0.178236
8 0.739493 0.098499 0.050657 0.129456
7 0.477767 0.325516 0.084428 0.227017