0 0.137946 0.491557 0.057692 0.127580
0 0.258959 0.507505 0.066135 0.136961
0 0.451032 0.475610 0.045028 0.106942
0 0.586820 0.451220 0.040807 0.118199
0 0.624109 0.387430 0.033771 0.076923
0 0.738790 0.419325 0.040807 0.095685
1 0.157645 0.805816 0.097092 0.181989
1 0.334944 0.762664 0.083021 0.185741
1 0.698687 0.541276 0.059099 0.125704
1 0.785929 0.529081 0.067542 0.135084
1 0.936492 0.560976 0.039400 0.123827
3 0.867542 0.646341 0.115385 0.328330
1 0.477064 0.522514 0.054878 0.133208
7 0.523499 0.575047 0.077392 0.208255
11 0.635366 0.479362 0.067542 0.170732
11 0.670544 0.410882 0.053471 0.123827
10 0.551642 0.390244 0.054878 0.120075
2 0.555863 0.293621 0.054878 0.144465