1 0.205968 0.336773 0.066027 0.091932
1 0.303604 0.271107 0.050574 0.110694
1 0.366119 0.555347 0.063218 0.097561
9 0.262863 0.110694 0.053384 0.116323
0 0.550855 0.260788 0.044955 0.105066
0 0.675183 0.719512 0.068837 0.099437
0 0.840251 0.457786 0.059003 0.127580
8 0.805833 0.845216 0.105363 0.136961
8 0.925244 0.892120 0.102553 0.140713
2 0.567011 0.833021 0.091314 0.165103
6 0.643574 0.173546 0.061813 0.133208
11 0.543128 0.552533 0.077266 0.136961
5 0.662540 0.427767 0.074456 0.172608
3 0.795297 0.089118 0.092719 0.170732
7 0.471482 0.164165 0.057598 0.136961