1 0.221670 0.666979 0.073171 0.129456
1 0.125281 0.550657 0.083021 0.118199
1 0.251923 0.434334 0.060507 0.099437
1 0.378565 0.333959 0.063321 0.105066
1 0.652955 0.563790 0.068949 0.110694
1 0.758490 0.686679 0.077392 0.112570
1 0.800000 0.272045 0.061914 0.108818
0 0.531942 0.330206 0.060507 0.112570
0 0.442589 0.328330 0.050657 0.097561
0 0.703612 0.253283 0.052064 0.101313
0 0.610037 0.181051 0.033771 0.099437
8 0.308912 0.164165 0.061914 0.144465
8 0.528424 0.103189 0.045028 0.116323
4 0.416557 0.637899 0.083021 0.161351
0 0.782411 0.181989 0.054878 0.093809
3 0.100657 0.642589 0.135084 0.174484
7 0.467917 0.236398 0.053471 0.142589
9 0.880910 0.824578 0.116792 0.136961
11 0.646623 0.413696 0.075985 0.144465
6 0.642401 0.319887 0.059099 0.133208
5 0.629737 0.214822 0.067542 0.159475