11 0.686519 0.372430 0.069966 0.253292
1 0.865486 0.431130 0.034556 0.217239
1 0.737927 0.461174 0.051621 0.221861
1 0.645350 0.424197 0.037969 0.183036
1 0.433106 0.389994 0.034983 0.166396
1 0.409215 0.333142 0.019625 0.156227
1 0.308746 0.327133 0.022611 0.123873
3 0.369113 0.289232 0.054608 0.325397
0 0.823464 0.590131 0.080205 0.315228
0 0.659215 0.657152 0.082765 0.327246
0 0.353754 0.624335 0.079352 0.300437
0 0.327944 0.440375 0.036263 0.213542
0 0.134898 0.438988 0.061433 0.216315
0 0.195264 0.414029 0.070392 0.216315
10 0.272270 0.538364 0.095563 0.381787
2 0.261817 0.248557 0.060154 0.221861