2 0.279096 0.378901 0.059727 0.391955
0 0.344155 0.446846 0.049061 0.191356
0 0.263737 0.588745 0.063993 0.251443
0 0.470648 0.698751 0.079352 0.323548
0 0.666041 0.722786 0.074232 0.306908
0 0.204010 0.400625 0.029010 0.174716
10 0.228328 0.496302 0.044369 0.303211
1 0.834130 0.597989 0.065700 0.245896
1 0.697824 0.580425 0.042235 0.216315
1 0.621032 0.524959 0.050768 0.227408
1 0.463183 0.427895 0.036263 0.164547
1 0.485794 0.389069 0.027730 0.140512
1 0.390444 0.374278 0.033276 0.147908
3 0.422440 0.330831 0.046075 0.293966
11 0.692918 0.456552 0.069113 0.214466