3 0.637031 0.294778 0.049488 0.358676
1 0.678413 0.356714 0.036689 0.195978
1 0.711263 0.406171 0.052048 0.224635
1 0.318558 0.747745 0.094283 0.384560
1 0.337756 0.548994 0.058447 0.266234
1 0.421374 0.522648 0.058447 0.302286
1 0.592235 0.403398 0.047782 0.206146
10 0.515444 0.543448 0.068259 0.399351
0 0.076664 0.538364 0.083191 0.300437
0 0.118473 0.438988 0.059300 0.232955
0 0.251792 0.353017 0.052901 0.186733
10 0.303413 0.306796 0.057167 0.238501
2 0.403029 0.267045 0.047355 0.340188
0 0.476195 0.359950 0.043515 0.185809
0 0.505205 0.299400 0.030717 0.151605
0 0.541468 0.314653 0.029863 0.158076