0 0.759818 0.589072 0.064504 0.053121
0 0.677607 0.546860 0.059445 0.046481
0 0.522671 0.540694 0.065769 0.043635
0 0.386075 0.542592 0.075887 0.047429
0 0.210270 0.544963 0.060710 0.044584
0 0.295643 0.607095 0.072093 0.058812
10 0.372795 0.598084 0.077152 0.052172
2 0.288054 0.725669 0.087270 0.073990
11 0.298805 0.541169 0.078416 0.057864
11 0.377854 0.484728 0.079681 0.055018
3 0.371530 0.308291 0.069563 0.075887
1 0.743376 0.381806 0.061974 0.050275
1 0.658003 0.379909 0.063239 0.057864
1 0.524568 0.489471 0.069563 0.045532
1 0.370897 0.429710 0.060710 0.043635
1 0.295643 0.428287 0.069563 0.044584
1 0.222285 0.375640 0.072093 0.039841
7 0.519509 0.429235 0.069563 0.055967