8 0.713378 0.587216 0.063514 0.045037
8 0.721462 0.413130 0.051966 0.045037
6 0.659103 0.540880 0.047347 0.040707
6 0.604827 0.463797 0.054276 0.040707
10 0.610024 0.388879 0.043882 0.051966
10 0.603672 0.501905 0.049656 0.049368
0 0.601940 0.580288 0.043882 0.041573
0 0.540736 0.540014 0.057740 0.045903
0 0.659103 0.502338 0.047347 0.041573
0 0.667186 0.461632 0.047347 0.041573
0 0.664877 0.391478 0.040418 0.038108
0 0.673538 0.349905 0.048502 0.034644
0 0.670073 0.316127 0.043882 0.034644
0 0.554016 0.423956 0.042728 0.040707
4 0.716265 0.458600 0.053121 0.054564
2 0.730700 0.341677 0.049656 0.061493
1 0.478376 0.534384 0.048502 0.038108
1 0.444887 0.583319 0.000000 0.000866
1 0.372135 0.575091 0.048502 0.039841
1 0.494544 0.459466 0.046192 0.038975
1 0.436804 0.492378 0.043882 0.038975
1 0.504937 0.390178 0.048502 0.035510
1 0.424678 0.325221 0.047347 0.033778
1 0.521104 0.328685 0.000000 0.000866
1 0.420636 0.359432 0.048502 0.036376
1 0.447197 0.423090 0.050811 0.032046
9 0.308043 0.569894 0.065824 0.043305
9 0.360009 0.391045 0.058895 0.042439
7 0.338645 0.493677 0.069288 0.039841
7 0.444310 0.457734 0.065824 0.035510
11 0.385415 0.458167 0.058895 0.041573
11 0.469715 0.350771 0.040418 0.050234
3 0.362896 0.347306 0.066978 0.050234
5 0.335758 0.454270 0.068133 0.051100