1 0.204277 0.851713 0.069322 0.243930
1 0.237463 0.721239 0.070796 0.209893
1 0.268437 0.610619 0.067847 0.187202
1 0.304572 0.304289 0.063422 0.158838
1 0.318584 0.213524 0.073746 0.136147
1 0.337758 0.163887 0.061947 0.161675
1 0.388643 0.414908 0.063422 0.187202
1 0.370206 0.497164 0.082596 0.181529
7 0.570059 0.690039 0.078171 0.289312
7 0.118732 0.579419 0.084071 0.260948
11 0.371681 0.602110 0.088496 0.221239
9 0.055310 0.817676 0.098820 0.277967
9 0.221976 0.124177 0.078171 0.218403
5 0.163717 0.456036 0.070796 0.263785
3 0.179941 0.308543 0.091445 0.263785
11 0.390118 0.283016 0.057522 0.263785
0 0.575959 0.501418 0.084071 0.201384
0 0.835546 0.865895 0.066372 0.221239
0 0.795723 0.732585 0.042773 0.238257
0 0.764012 0.446108 0.067847 0.181529
0 0.787611 0.339744 0.061947 0.178693
0 0.766962 0.240470 0.061947 0.173020
0 0.774336 0.166723 0.061947 0.178693
10 0.677729 0.336907 0.072271 0.224075
10 0.647493 0.589346 0.070796 0.252439
8 0.930678 0.856365 0.088496 0.287270
8 0.869469 0.145450 0.069322 0.181529
6 0.884218 0.592183 0.087021 0.275130
2 0.878319 0.302870 0.089971 0.218403