8 0.214611 0.464640 0.068194 0.137717
8 0.472909 0.500620 0.057919 0.140199
0 0.606028 0.648263 0.064458 0.145161
0 0.280937 0.320720 0.038301 0.080645
0 0.442081 0.632134 0.069129 0.142680
0 0.372019 0.553970 0.059787 0.130273
0 0.495329 0.433623 0.039235 0.102978
0 0.511677 0.368486 0.038301 0.091811
2 0.330448 0.629653 0.098088 0.306452
9 0.236564 0.359181 0.048577 0.107940
1 0.441614 0.278536 0.032696 0.078164
1 0.565392 0.354218 0.039235 0.088089
1 0.567727 0.305831 0.034564 0.070720
1 0.725135 0.392060 0.042972 0.089330
1 0.773245 0.424318 0.045774 0.114144
3 0.846110 0.365385 0.073799 0.194789
9 0.767640 0.364764 0.043906 0.116625