3 0.792108 0.384909 0.061007 0.466834
1 0.787201 0.621099 0.068259 0.336490
1 0.898976 0.533279 0.072526 0.303211
1 0.662841 0.510631 0.060154 0.257914
1 0.078157 0.532817 0.081058 0.296740
1 0.237927 0.482436 0.046502 0.221861
1 0.353328 0.481974 0.047782 0.237577
0 0.223848 0.365034 0.046502 0.194129
0 0.341596 0.313729 0.034556 0.132192
0 0.504991 0.324360 0.045648 0.173792
0 0.659002 0.416802 0.033703 0.212617
0 0.835836 0.417726 0.039249 0.205222
10 0.564932 0.315115 0.064846 0.229257
2 0.633404 0.292467 0.055887 0.370694