2 0.373166 0.286921 0.053328 0.342961
10 0.274829 0.349319 0.058020 0.253292
0 0.236007 0.394616 0.045222 0.212617
0 0.208916 0.570256 0.075512 0.319850
0 0.147270 0.486134 0.069113 0.275478
0 0.453157 0.360412 0.034130 0.179338
0 0.432039 0.320200 0.020904 0.148832
0 0.478754 0.328057 0.031570 0.162698
1 0.485580 0.537439 0.068259 0.289344
1 0.533788 0.478738 0.052048 0.266234
1 0.603754 0.658076 0.082765 0.399351
1 0.682679 0.364572 0.032423 0.180262
1 0.585196 0.379363 0.034556 0.172867
1 0.622099 0.333604 0.020478 0.151605
11 0.651109 0.473192 0.045222 0.375316
3 0.604394 0.277676 0.042235 0.304135