3 0.370179 0.256415 0.034556 0.235728
1 0.301706 0.385834 0.045222 0.191356
1 0.699317 0.437139 0.052048 0.210768
1 0.797227 0.448232 0.058447 0.232955
1 0.885538 0.417726 0.043942 0.212617
1 0.407509 0.342848 0.027304 0.105384
1 0.448464 0.377514 0.033276 0.119251
0 0.135538 0.512942 0.073805 0.281025
0 0.202517 0.473192 0.067833 0.240350
0 0.531442 0.674254 0.083191 0.361449
0 0.856954 0.643748 0.084898 0.352205
0 0.957637 0.558239 0.080631 0.332792
0 0.377645 0.418189 0.033276 0.111855
10 0.426493 0.609082 0.108788 0.428932
2 0.345648 0.435753 0.065700 0.525997
11 0.718515 0.320200 0.063140 0.169169