11 0.672654 0.435753 0.083191 0.322624
1 0.794027 0.606309 0.087031 0.329095
1 0.608874 0.518026 0.059727 0.298589
1 0.560452 0.450081 0.049061 0.258838
1 0.525683 0.333142 0.030717 0.167321
1 0.471075 0.348857 0.039249 0.185809
3 0.451237 0.251792 0.031997 0.341112
0 0.414121 0.596140 0.091724 0.391955
0 0.206143 0.512017 0.090444 0.364223
0 0.118473 0.380287 0.066980 0.263461
0 0.322824 0.331755 0.048208 0.195978
0 0.290188 0.291080 0.034983 0.173792
10 0.134898 0.219900 0.034130 0.160850
2 0.238140 0.228220 0.053754 0.408595