3 0.257978 0.493991 0.048208 0.363298
1 0.186945 0.590131 0.054608 0.202449
1 0.228114 0.528195 0.031997 0.174716
1 0.334343 0.525884 0.044795 0.175640
1 0.531442 0.435290 0.028584 0.133117
1 0.518857 0.366883 0.019625 0.070256
11 0.449317 0.402473 0.034983 0.185809
0 0.694411 0.483823 0.034556 0.150681
0 0.656442 0.430668 0.035410 0.140512
0 0.660708 0.573029 0.033703 0.208920
0 0.416894 0.596140 0.052901 0.214466
0 0.326877 0.747745 0.059727 0.251443
0 0.290401 0.696440 0.038823 0.243123
2 0.501578 0.534204 0.061007 0.391955
10 0.611007 0.585971 0.061433 0.275478