0 0.110580 0.451468 0.067406 0.272705
0 0.205077 0.374741 0.055034 0.233879
0 0.377645 0.316502 0.045222 0.191356
0 0.592022 0.358101 0.049061 0.211693
0 0.675000 0.302174 0.029863 0.181187
0 0.707850 0.327595 0.029863 0.171018
2 0.532935 0.243935 0.059727 0.364223
10 0.438225 0.257801 0.061433 0.208920
1 0.111220 0.746821 0.112201 0.417839
1 0.261817 0.557776 0.080631 0.304135
1 0.371886 0.534666 0.048208 0.291193
1 0.690358 0.441299 0.052048 0.235728
1 0.840742 0.500924 0.066980 0.256990
1 0.847995 0.343310 0.043942 0.115553
10 0.436305 0.585047 0.091724 0.458514
3 0.768217 0.330368 0.081485 0.463136