9 0.335774 0.769920 0.075075 0.141434
1 0.302929 0.679283 0.050050 0.091633
1 0.370965 0.635458 0.064126 0.119522
1 0.467937 0.613546 0.067254 0.095618
1 0.593061 0.484064 0.060998 0.111554
1 0.765890 0.483068 0.053178 0.113546
1 0.828452 0.452191 0.056306 0.107570
0 0.642329 0.172311 0.059434 0.101594
0 0.578203 0.200199 0.059434 0.105578
0 0.255225 0.394422 0.067254 0.111554
0 0.136357 0.361554 0.054742 0.133466
8 0.431964 0.379482 0.057870 0.117530
8 0.330300 0.213147 0.073511 0.119522
6 0.392080 0.308765 0.043794 0.131474
7 0.172330 0.403386 0.054742 0.133466
10 0.360017 0.402390 0.067254 0.123506
5 0.491398 0.204183 0.073511 0.149402
3 0.351415 0.543825 0.093843 0.183267
2 0.187971 0.239044 0.082895 0.179283