9 0.908555 0.751028 0.106195 0.272691
9 0.087758 0.528034 0.087021 0.239560
1 0.935103 0.694961 0.064897 0.277788
1 0.780236 0.626151 0.050147 0.186041
1 0.665192 0.582827 0.041298 0.170750
1 0.442478 0.549696 0.041298 0.180944
1 0.333333 0.519114 0.061947 0.186041
1 0.245575 0.501274 0.063422 0.165653
1 0.143805 0.460498 0.036873 0.175847
1 0.560472 0.552244 0.029499 0.160556
11 0.783186 0.705155 0.064897 0.287982
11 0.190265 0.529308 0.073746 0.237012
7 0.660029 0.673299 0.084071 0.285433
7 0.289823 0.562439 0.060472 0.272691
5 0.518437 0.603215 0.066372 0.328758
3 0.394543 0.545873 0.045723 0.346598
0 0.885693 0.306313 0.048673 0.127426
0 0.794248 0.291022 0.048673 0.122329
0 0.714602 0.273182 0.045723 0.122329
0 0.629794 0.261714 0.056047 0.119780
0 0.542035 0.246423 0.051622 0.119780
0 0.474926 0.237503 0.053097 0.107038
0 0.399705 0.231132 0.038348 0.114683
0 0.326696 0.212018 0.045723 0.117232
10 0.796460 0.195453 0.053097 0.150362
10 0.425516 0.161048 0.045723 0.163105
8 0.884956 0.231132 0.064897 0.165653
8 0.356932 0.168693 0.050147 0.152911
6 0.727139 0.203098 0.050147 0.160556
6 0.489676 0.175065 0.050147 0.145265
4 0.639381 0.181436 0.042773 0.198784
2 0.550147 0.157225 0.058997 0.226818