8 0.880137 0.335159 0.062804 0.056773
8 0.638465 0.538264 0.069352 0.057271
0 0.564686 0.519173 0.054596 0.050631
0 0.607477 0.487633 0.063450 0.043991
0 0.651007 0.458167 0.047219 0.046481
0 0.691586 0.428702 0.063450 0.042331
0 0.744706 0.376826 0.045743 0.041501
0 0.786023 0.348191 0.054596 0.037351
0 0.811845 0.323705 0.047219 0.039841
0 0.589771 0.369771 0.057548 0.045651
10 0.580917 0.436587 0.048694 0.051461
10 0.676092 0.357736 0.044267 0.053121
6 0.712981 0.473108 0.059023 0.063081
6 0.829552 0.385541 0.041316 0.062251
2 0.789712 0.397991 0.047219 0.067231
4 0.746920 0.433682 0.047219 0.065571
1 0.493120 0.375996 0.053121 0.041501
1 0.395732 0.386371 0.047219 0.042331
1 0.247436 0.428702 0.057548 0.047311
1 0.296130 0.400896 0.060499 0.038181
1 0.413439 0.330760 0.044267 0.045651
1 0.450328 0.307935 0.035414 0.041501
1 0.491645 0.290920 0.053121 0.042331
1 0.568375 0.294240 0.000000 0.000830
1 0.533699 0.270584 0.051645 0.039841
9 0.179560 0.406707 0.063450 0.053121
9 0.476151 0.258964 0.054596 0.051461
11 0.228254 0.382221 0.075255 0.055611
11 0.437048 0.270999 0.061974 0.045651
7 0.274734 0.353586 0.050170 0.054781
7 0.403848 0.294240 0.054596 0.050631
3 0.361056 0.299635 0.045743 0.073041
5 0.316788 0.326195 0.045743 0.063081