0 0.543510 0.894694 0.087021 0.210612
0 0.791298 0.786956 0.081121 0.228592
0 0.567847 0.583898 0.064897 0.172660
0 0.787611 0.441636 0.073746 0.160501
0 0.764749 0.377193 0.048673 0.177524
0 0.681416 0.289647 0.079646 0.158069
0 0.480088 0.486625 0.063422 0.167796
0 0.500000 0.219124 0.000000 0.002432
8 0.900442 0.852615 0.098820 0.252910
8 0.865782 0.430693 0.076696 0.216433
2 0.885693 0.295726 0.084071 0.267501
4 0.658555 0.544989 0.084071 0.260206
6 0.574484 0.384488 0.072271 0.196978
10 0.676991 0.413670 0.094395 0.172660
1 0.329646 0.873286 0.098820 0.201842
1 0.224926 0.758990 0.075221 0.177524
1 0.477139 0.586330 0.084071 0.158069
1 0.370206 0.495136 0.070796 0.170228
1 0.303097 0.346795 0.060472 0.141046
1 0.288348 0.420966 0.069322 0.153205
9 0.097345 0.831945 0.103245 0.240751
9 0.183628 0.408806 0.081121 0.182387
3 0.235988 0.215476 0.091445 0.238319
5 0.150442 0.532830 0.082596 0.265069
7 0.275811 0.538909 0.094395 0.228592