0 0.347278 0.886454 0.209827 0.183267
0 0.618194 0.902390 0.204515 0.183267
0 0.822709 0.724104 0.172643 0.185259
0 0.630146 0.581673 0.175299 0.175299
0 0.824037 0.451195 0.143426 0.165339
0 0.429615 0.157371 0.124834 0.127490
1 0.902722 0.897410 0.194555 0.165339
8 0.181275 0.379482 0.217795 0.185259
11 0.821381 0.218127 0.212483 0.213147
10 0.608898 0.226096 0.185923 0.197211
4 0.611554 0.329681 0.164675 0.264940
0 0.429192 0.156646 0.152119 0.135820
0 0.435229 0.270735 0.164192 0.150308
2 0.208258 0.208258 0.222142 0.246288