0 0.862780 0.692231 0.088940 0.125498
0 0.762138 0.690239 0.078017 0.121514
0 0.665397 0.674303 0.062414 0.105578
0 0.564754 0.663347 0.063974 0.067729
0 0.460211 0.676295 0.067095 0.097610
0 0.362690 0.683267 0.074897 0.107570
0 0.270629 0.690239 0.081138 0.105578
0 0.169987 0.680279 0.076457 0.101594
1 0.815970 0.234064 0.073336 0.125498
1 0.728590 0.226096 0.057733 0.129482
1 0.639651 0.227092 0.063974 0.115538
1 0.558513 0.224104 0.048371 0.101594
1 0.468013 0.222112 0.063974 0.101594
1 0.385315 0.225100 0.057733 0.107570
1 0.299496 0.229084 0.057733 0.111554
1 0.207435 0.228088 0.073336 0.097610
9 0.812069 0.138446 0.059293 0.093625
9 0.214457 0.125498 0.068655 0.103586
11 0.723909 0.119522 0.067095 0.135458
11 0.301056 0.117530 0.060853 0.139442
7 0.637310 0.110558 0.065534 0.137450
7 0.383754 0.109562 0.073336 0.135458
5 0.472694 0.117530 0.057733 0.159363
3 0.552272 0.101594 0.060853 0.171315
8 0.872922 0.800797 0.090500 0.131474
8 0.155164 0.807769 0.099862 0.145418
10 0.766819 0.792829 0.081138 0.131474
10 0.257366 0.788845 0.107664 0.147410
6 0.664616 0.790837 0.085819 0.151394
6 0.365030 0.793825 0.073336 0.137450
2 0.565534 0.778884 0.074897 0.159363
4 0.454750 0.783865 0.068655 0.177291